# ntimesteps:	Number of timesteps
# dt:		Time increment(timestep)
#									    [h]
# R:		Rainfall
#								         [m/dt]
# Ep:		Potential evapotranspiration
#								         [m/dt]
#

# ntimesteps  dt
         950   1

#     R        Ep
      0  6.19e-05
      0  6.47e-05
  0.001  6.19e-05
  0.001   5.6e-05
  0.001  4.57e-05
 0.0005  3.23e-05
 0.0005  1.56e-05
      0         0
 0.0005         0
 0.0005         0
      0         0
      0         0
  0.001         0
 0.0005         0
 0.0005         0
  0.001         0
      0         0
      0         0
      0         0
      0         0
      0   1.8e-05
      0  3.48e-05
      0  4.92e-05
  0.003  6.02e-05
  0.002  6.66e-05
 0.0055  6.96e-05
  0.006  6.66e-05
  0.001  6.02e-05
 0.0025  4.92e-05
      0  3.48e-05
      0  1.68e-05
  0.001         0
 0.0005         0
      0         0
      0         0
      0         0
      0         0
      0         0
      0         0
      0         0
      0         0
      0         0
      0         0
      0         0
      0  3.38e-05
  0.001  6.52e-05
      0  9.23e-05
 0.0005  0.000113
      0  0.000125
  0.001 0.0001305
 0.0025  0.000125
  0.003  0.000113
 0.0025  9.23e-05
  0.003  6.52e-05
 0.0025  3.16e-05
  0.002         0
  0.001         0
  0.001         0
      0         0
 0.0005         0
 0.0005         0
      0         0
      0         0
      0         0
      0         0
      0         0
      0         0
      0         0
      0  4.14e-05
      0  7.98e-05
      0 0.0001129
      0 0.0001383
      0  0.000153
      0 0.0001598
      0  0.000153
      0 0.0001383
      0 0.0001129
      0  7.98e-05
      0  3.87e-05
      0         0
      0         0
      0         0
      0         0
      0         0
      0         0
      0         0
      0         0
      0         0
      0         0
      0         0
      0         0
      0         0
      0  1.91e-05
      0  3.68e-05
      0  5.21e-05
      0  6.38e-05
 0.0005  7.06e-05
 0.0005  7.37e-05
      0  7.06e-05
      0  6.38e-05
      0  5.21e-05
      0  3.68e-05
      0  1.78e-05
      0         0
      0         0
      0         0
      0         0
      0         0
      0         0
      0         0
 0.0005         0
      0         0
      0         0
      0         0
      0         0
      0         0
      0  1.02e-05
      0  1.98e-05
      0   2.8e-05
      0  3.42e-05
      0  3.79e-05
      0  3.95e-05
      0  3.79e-05
      0  3.42e-05
      0   2.8e-05
      0  1.98e-05
      0   9.6e-06
      0         0
      0         0
      0         0
      0         0
      0         0
      0         0
      0         0
      0         0
      0         0
      0         0
      0         0
      0         0
      0         0
 0.0005  4.14e-05
      0  7.99e-05
      0  0.000113
      0 0.0001384
      0 0.0001531
      0 0.0001599
      0 0.0001531
      0 0.0001384
      0  0.000113
      0  7.99e-05
      0  3.87e-05
      0         0
      0         0
      0         0
      0         0
      0         0
      0         0
      0         0
      0         0
      0         0
      0         0
      0         0
      0         0
      0         0
      0  1.78e-05
      0  3.44e-05
      0  4.86e-05
      0  5.95e-05
      0  6.59e-05
      0  6.88e-05
      0  6.59e-05
      0  5.95e-05
      0  4.86e-05
      0  3.44e-05
      0  1.66e-05
      0         0
      0         0
      0         0
      0         0
      0         0
      0         0
      0         0
      0         0
      0         0
      0         0
      0         0
      0         0
      0         0
      0  4.56e-05
 0.0005  8.79e-05
      0 0.0001244
      0 0.0001523
      0 0.0001685
      0 0.0001759
      0 0.0001685
      0 0.0001523
      0 0.0001244
      0  8.79e-05
      0  4.26e-05
      0         0
      0         0
      0         0
      0         0
      0         0
      0         0
      0         0
      0         0
      0         0
      0         0
      0         0
      0         0
      0         0
      0   4.9e-05
      0  9.46e-05
      0 0.0001338
      0 0.0001638
      0 0.0001813
      0 0.0001892
      0 0.0001813
      0 0.0001638
      0 0.0001338
      0  9.46e-05
      0  4.58e-05
      0         0
      0         0
      0         0
      0         0
      0         0
      0         0
      0         0
      0         0
      0         0
      0         0
      0         0
      0         0
      0         0
      0  5.17e-05
      0  9.98e-05
      0 0.0001412
      0 0.0001729
 0.0005 0.0001913
  0.001 0.0001997
      0 0.0001913
      0 0.0001729
      0 0.0001412
      0  9.98e-05
      0  4.83e-05
      0         0
      0         0
      0         0
      0         0
      0         0
  0.001         0
      0         0
      0         0
      0         0
      0         0
      0         0
      0         0
      0         0
      0  7.52e-05
  0.001 0.0001451
      0 0.0002052
      0 0.0002513
      0  0.000278
      0 0.0002903
      0  0.000278
      0 0.0002513
      0 0.0002052
      0 0.0001451
      0  7.02e-05
      0         0
      0         0
      0         0
      0         0
      0         0
      0         0
      0         0
      0         0
      0         0
      0         0
      0         0
  0.001         0
 0.0005         0
 0.0025  2.44e-05
  0.006   4.7e-05
  0.004  6.65e-05
 0.0015  8.14e-05
      0  9.01e-05
      0   9.4e-05
 0.0005  9.01e-05
      0  8.14e-05
      0  6.65e-05
 0.0015   4.7e-05
  0.001  2.28e-05
      0         0
      0         0
      0         0
      0         0
      0         0
      0         0
      0         0
      0         0
      0         0
      0         0
      0         0
      0         0
      0         0
      0  2.88e-05
 0.0005  5.55e-05
      0  7.85e-05
      0  9.62e-05
      0 0.0001064
      0 0.0001111
      0 0.0001064
      0  9.62e-05
 0.0005  7.85e-05
  0.001  5.55e-05
 0.0005  2.69e-05
      0         0
      0         0
  0.001         0
  0.001         0
      0         0
      0         0
      0         0
      0         0
      0         0
      0         0
      0         0
      0         0
      0         0
      0  1.12e-05
      0  2.16e-05
      0  3.06e-05
      0  3.74e-05
      0  4.14e-05
 0.0005  4.32e-05
 0.0005  4.14e-05
 0.0015  3.74e-05
 0.0015  3.06e-05
  0.001  2.16e-05
 0.0005  1.05e-05
  0.001         0
 0.0005         0
      0         0
      0         0
      0         0
      0         0
      0         0
      0         0
      0         0
 0.0005         0
      0         0
      0         0
      0         0
      0  7.23e-05
      0 0.0001396
      0 0.0001975
      0 0.0002418
      0 0.0002675
      0 0.0002793
      0 0.0002675
      0 0.0002418
      0 0.0001975
      0 0.0001396
      0  6.76e-05
      0         0
      0         0
      0         0
      0         0
      0         0
 0.0005         0
 0.0075         0
 0.0045         0
 0.0025         0
 0.0005         0
      0         0
      0         0
      0         0
      0  1.74e-05
      0  3.36e-05
  0.001  4.75e-05
  0.001  5.82e-05
      0  6.43e-05
 0.0005  6.72e-05
      0  6.43e-05
      0  5.82e-05
      0  4.75e-05
 0.0005  3.36e-05
      0  1.63e-05
 0.0005         0
 0.0005         0
      0         0
      0         0
      0         0
      0         0
      0         0
      0         0
      0         0
      0         0
  0.001         0
      0         0
      0         0
 0.0005  2.46e-05
 0.0005  4.74e-05
      0  6.71e-05
 0.0005  8.22e-05
      0  9.09e-05
      0   9.5e-05
      0  9.09e-05
      0  8.22e-05
      0  6.71e-05
      0  4.74e-05
      0   2.3e-05
      0         0
      0         0
      0         0
      0         0
      0         0
      0         0
      0         0
      0         0
      0         0
      0         0
      0         0
 0.0005         0
  0.002         0
  0.003  3.26e-05
  0.002  6.29e-05
  0.001   8.9e-05
      0  0.000109
 0.0005 0.0001206
      0 0.0001259
      0 0.0001206
      0  0.000109
 0.0035   8.9e-05
      0  6.29e-05
      0  3.05e-05
      0         0
      0         0
      0         0
      0         0
 0.0005         0
      0         0
      0         0
      0         0
      0         0
      0         0
      0         0
      0         0
 0.0005         0
      0  2.24e-05
      0  4.33e-05
      0  6.12e-05
      0   7.5e-05
      0   8.3e-05
      0  8.66e-05
      0   8.3e-05
      0   7.5e-05
      0  6.12e-05
      0  4.33e-05
      0   2.1e-05
      0         0
  0.001         0
 0.0005         0
      0         0
      0         0
 0.0005         0
      0         0
      0         0
 0.0005         0
 0.0005         0
      0         0
      0         0
      0         0
      0   9.2e-06
      0  1.78e-05
      0  2.52e-05
      0  3.09e-05
      0  3.42e-05
 0.0005  3.57e-05
 0.0025  3.42e-05
  0.001  3.09e-05
      0  2.52e-05
  0.001  1.78e-05
      0   8.6e-06
      0         0
      0         0
      0         0
      0         0
      0         0
      0         0
      0         0
      0         0
      0         0
      0         0
      0         0
      0         0
      0         0
      0  6.38e-05
      0 0.0001231
      0 0.0001742
      0 0.0002133
      0  0.000236
      0 0.0002464
      0  0.000236
      0 0.0002133
      0 0.0001742
      0 0.0001231
      0  5.96e-05
      0         0
      0         0
      0         0
      0         0
      0         0
      0         0
      0         0
      0         0
      0         0
      0         0
      0         0
      0         0
      0         0
      0  4.17e-05
      0  8.04e-05
      0 0.0001138
      0 0.0001393
      0 0.0001542
      0 0.0001609
      0 0.0001542
      0 0.0001393
      0 0.0001138
      0  8.04e-05
      0  3.89e-05
      0         0
      0         0
      0         0
      0         0
      0         0
      0         0
      0         0
      0         0
      0         0
      0         0
      0         0
      0         0
      0         0
      0  2.07e-05
      0     4e-05
      0  5.66e-05
  0.001  6.93e-05
  0.001  7.66e-05
  0.002     8e-05
 0.0015  7.66e-05
      0  6.93e-05
 0.0005  5.66e-05
      0     4e-05
      0  1.94e-05
      0         0
      0         0
      0         0
      0         0
      0         0
 0.0005         0
      0         0
      0         0
      0         0
      0         0
      0         0
      0         0
      0         0
  0.003  3.05e-05
  0.001  5.89e-05
 0.0025  8.33e-05
 0.0035  0.000102
 0.0015 0.0001129
      0 0.0001178
      0 0.0001129
      0  0.000102
      0  8.33e-05
      0  5.89e-05
      0  2.85e-05
      0         0
      0         0
      0         0
      0         0
      0         0
 0.0005         0
      0         0
      0         0
 0.0005         0
      0         0
  0.001         0
      0         0
      0         0
      0  6.26e-05
      0 0.0001208
      0 0.0001709
      0 0.0002093
      0 0.0002315
      0 0.0002418
      0 0.0002315
      0 0.0002093
      0 0.0001709
      0 0.0001208
      0  5.85e-05
      0         0
      0         0
      0         0
      0         0
      0         0
      0         0
      0         0
      0         0
      0         0
      0         0
      0         0
      0         0
      0         0
      0  1.42e-05
      0  2.75e-05
      0  3.89e-05
  0.001  4.76e-05
  0.001  5.27e-05
  0.003   5.5e-05
  0.002  5.27e-05
 0.0015  4.76e-05
 0.0035  3.89e-05
  0.004  2.75e-05
  0.005  1.33e-05
      0         0
      0         0
  0.001         0
 0.0025         0
 0.0035         0
  0.003         0
      0         0
 0.0005         0
      0         0
 0.0005         0
      0         0
 0.0005         0
      0         0
      0  1.69e-05
      0  3.26e-05
      0  4.61e-05
      0  5.64e-05
      0  6.24e-05
      0  6.52e-05
      0  6.24e-05
      0  5.64e-05
      0  4.61e-05
      0  3.26e-05
      0  1.58e-05
      0         0
      0         0
      0         0
      0         0
      0         0
      0         0
      0         0
      0         0
      0         0
      0         0
 0.0005         0
      0         0
 0.0005         0
 0.0005  1.53e-05
      0  2.95e-05
  0.001  4.17e-05
      0  5.11e-05
      0  5.65e-05
      0   5.9e-05
 0.0005  5.65e-05
 0.0005  5.11e-05
      0  4.17e-05
      0  2.95e-05
  0.001  1.43e-05
  0.001         0
      0         0
      0         0
      0         0
      0         0
      0         0
      0         0
      0         0
      0         0
      0         0
      0         0
      0         0
      0         0
      0  5.61e-05
      0 0.0001083
      0 0.0001532
      0 0.0001877
      0 0.0002076
      0 0.0002168
      0 0.0002076
 0.0005 0.0001877
      0 0.0001532
      0 0.0001083
      0  5.24e-05
      0         0
      0         0
      0         0
      0         0
      0         0
      0         0
      0         0
      0         0
      0         0
      0         0
      0         0
      0         0
      0         0
      0  8.56e-05
      0 0.0001652
      0 0.0002338
      0 0.0002862
      0 0.0003167
      0 0.0003306
      0 0.0003167
      0 0.0002862
      0 0.0002338
      0 0.0001652
      0     8e-05
      0         0
      0         0
      0         0
      0         0
      0         0
      0         0
      0         0
      0         0
      0         0
      0         0
      0         0
      0         0
      0         0
      0  7.47e-05
      0 0.0001441
      0 0.0002038
      0 0.0002496
      0 0.0002761
      0 0.0002883
      0 0.0002761
      0 0.0002496
      0 0.0002038
      0 0.0001441
      0  6.98e-05
      0         0
      0         0
      0         0
      0         0
      0         0
      0         0
      0         0
      0         0
      0         0
      0         0
      0         0
      0         0
      0         0
      0  9.67e-05
      0 0.0001866
      0  0.000264
      0 0.0003233
      0 0.0003577
      0 0.0003735
      0 0.0003577
      0 0.0003233
      0  0.000264
      0 0.0001866
      0  9.04e-05
      0         0
      0         0
      0         0
      0         0
      0         0
      0         0
      0         0
      0         0
      0         0
      0         0
      0         0
      0         0
      0         0
      0 0.0001259
      0 0.0002429
      0 0.0003437
      0 0.0004209
      0 0.0004656
      0 0.0004862
      0 0.0004656
      0 0.0004209
      0 0.0003437
      0 0.0002429
      0 0.0001176
      0         0
      0         0
      0         0
      0         0
      0         0
      0         0
      0         0
      0         0
      0         0
      0         0
      0         0
      0         0
      0         0
      0  3.04e-05
      0  5.87e-05
      0  8.31e-05
      0 0.0001018
      0 0.0001126
      0 0.0001176
      0 0.0001126
      0 0.0001018
      0  8.31e-05
      0  5.87e-05
      0  2.84e-05
      0         0
      0         0
      0         0
      0         0
      0         0
      0         0
      0         0
      0         0
      0         0
      0         0
      0         0
      0         0
      0         0
      0  6.61e-05
      0 0.0001275
      0 0.0001804
      0 0.0002209
      0 0.0002443
      0 0.0002551
      0 0.0002443
      0 0.0002209
      0 0.0001804
      0 0.0001275
      0  6.17e-05
      0         0
      0         0
      0         0
      0         0
      0         0
      0         0
      0         0
      0         0
      0         0
      0         0
      0         0
      0         0
      0         0
      0  9.76e-05
      0 0.0001883
      0 0.0002665
      0 0.0003263
      0  0.000361
      0 0.0003769
      0  0.000361
      0 0.0003263
      0 0.0002665
      0 0.0001883
      0  9.12e-05
      0         0
      0         0
      0         0
      0         0
      0         0
      0         0
      0         0
      0         0
      0         0
      0         0
      0         0
      0         0
      0         0
      0  6.43e-05
      0 0.0001241
      0 0.0001756
      0  0.000215
      0 0.0002379
      0 0.0002484
      0 0.0002379
      0  0.000215
      0 0.0001756
      0 0.0001241
      0  6.01e-05
      0         0
      0         0
      0         0
      0         0
      0         0
      0         0
      0         0
      0         0
      0         0
      0         0
      0         0
      0         0
      0         0
      0  8.02e-05
      0 0.0001548
      0 0.0002191
      0 0.0002683
      0 0.0002968
      0 0.0003099
      0 0.0002968
      0 0.0002683
      0 0.0002191
      0 0.0001548
      0   7.5e-05
      0         0
      0         0
      0         0
      0         0
      0         0
      0         0
      0         0
      0         0
      0         0
      0         0
      0         0
      0         0
      0         0
      0   9.6e-05
      0 0.0001852
      0 0.0002621
      0 0.0003209
      0  0.000355
      0 0.0003707
      0  0.000355
      0 0.0003209
      0 0.0002621
      0 0.0001852
      0  8.97e-05
      0         0
      0         0
      0         0
      0         0
      0         0
      0         0
      0         0
      0         0
      0         0
      0         0
      0         0
      0         0
      0         0
      0  4.39e-05
      0  8.47e-05
      0 0.0001198
      0 0.0001467
      0 0.0001623
      0 0.0001694
      0 0.0001623
      0 0.0001467
      0 0.0001198
      0  8.47e-05
      0   4.1e-05
      0         0
      0         0
      0         0
      0         0
      0         0
      0         0
 0.0005         0
      0         0
  0.001         0
 0.0005         0
      0         0
 0.0005         0
  0.001         0
 0.0005  2.29e-05
  0.001  4.41e-05
      0  6.25e-05
      0  7.65e-05
      0  8.46e-05
      0  8.83e-05
      0  8.46e-05
      0  7.65e-05
      0  6.25e-05
 0.0015  4.41e-05
  0.002  2.14e-05
 0.0005         0
      0         0
      0         0
      0         0
      0         0
      0         0
      0         0
      0         0
      0         0
      0         0
      0         0
      0         0
      0         0
      0 0.0001014
      0 0.0001957
      0 0.0002769
      0 0.0003391
      0 0.0003752
      0 0.0003917
      0 0.0003752
      0 0.0003391
      0 0.0002769
      0 0.0001957
      0  9.48e-05
      0         0
      0         0
      0         0
      0         0
      0         0
      0         0
      0         0
      0         0
      0         0
      0         0
      0         0
 0.0035         0
  0.002         0
  0.001 0.0001087
 0.0005 0.0002097
      0 0.0002967
 0.0015 0.0003633
      0 0.0004019
      0 0.0004196
      0 0.0004019
      0 0.0003633
      0 0.0002967
 0.0005 0.0002097
      0 0.0001015
      0         0
      0         0
      0         0
      0         0
      0         0
      0         0
 0.0005         0
  0.003         0
      0         0
      0         0
      0         0
      0         0
      0         0
      0 0.0001101
      0 0.0002125
      0 0.0003006
 0.0005 0.0003681
      0 0.0004072
      0 0.0004252
      0 0.0004072
      0 0.0003681
      0 0.0003006
      0 0.0002125
      0 0.0001029
      0         0
      0         0
      0         0
      0         0
      0         0
      0         0
      0         0
      0         0
      0         0
      0         0
      0         0
      0         0
      0         0
      0  4.54e-05
      0  8.76e-05
      0 0.0001239
      0 0.0001517
      0 0.0001678
      0 0.0001752
 0.0005 0.0001678
  0.004 0.0001517
  0.003 0.0001239
      0  8.76e-05
      0  4.24e-05
      0         0
      0         0
  0.001         0
      0         0
      0         0
      0         0
      0         0
      0         0
      0         0
 0.0005         0
      0         0
 0.0005         0
      0         0
      0  9.02e-05
      0 0.0001741
      0 0.0002463
      0 0.0003016
      0 0.0003336
      0 0.0003483
      0 0.0003336
      0 0.0003016
      0 0.0002463
      0 0.0001741
      0  8.43e-05
      0         0
 0.0005         0
      0         0
      0         0
      0         0
      0         0
      0         0
      0         0
      0         0
      0         0
      0         0
      0         0
      0         0
      0  7.09e-05
      0 0.0001367
      0 0.0001935
      0 0.0002369
      0 0.0002621
      0 0.0002736
      0 0.0002621
      0 0.0002369
      0 0.0001935
      0 0.0001367
      0  6.62e-05
      0         0
      0         0
      0         0
      0         0
      0         0
      0         0
      0         0
      0         0
      0         0
      0         0
      0         0
      0         0
      0         0
      0   3.5e-05
      0  6.76e-05
      0  9.57e-05
      0 0.0001171
      0 0.0001296
      0 0.0001353
      0 0.0001296
      0 0.0001171
      0  9.57e-05
      0  6.76e-05
      0  3.27e-05
      0         0
      0         0
      0         0
      0         0
      0         0
      0         0
      0         0
      0         0
      0         0
      0         0
      0         0
      0         0
      0         0
      0  7.63e-05
      0 0.0001472
      0 0.0002082
      0  0.000255
      0 0.0002821
      0 0.0002945
      0 0.0002821
      0  0.000255
      0 0.0002082
      0 0.0001472
      0  7.13e-05
      0         0
      0         0
      0         0
      0         0
      0         0
      0         0
      0         0
      0         0
      0         0
      0         0
      0         0
      0         0
      0         0
      0  2.29e-05
      0  4.42e-05
 0.0005  6.26e-05
      0  7.66e-05
      0  8.47e-05
      0  8.85e-05
      0  8.47e-05
 0.0005  7.66e-05
      0  6.26e-05
 0.0005  4.42e-05
      0  2.14e-05
      0         0
 0.0005         0
      0         0
      0         0
 0.0005         0
      0         0
      0         0
      0         0
      0         0
      0         0
      0         0
      0         0
      0         0
      0  2.17e-05
      0  4.18e-05
      0  5.92e-05
 0.0005  7.25e-05
      0  8.02e-05
      0  8.37e-05
      0  8.02e-05
      0  7.25e-05
      0  5.92e-05
      0  4.18e-05
      0  2.03e-05
      0         0
      0         0
      0         0
      0         0
      0         0
      0         0
      0         0
      0         0
      0         0
      0         0
      0         0
      0         0
      0         0
      0 0.0001274
      0 0.0002458
      0 0.0003478
      0 0.0004259
      0 0.0004712
      0  0.000492
      0 0.0004712
      0 0.0004259
      0 0.0003478
      0 0.0002458
      0  0.000119
      0         0
      0         0
      0         0
      0         0
      0         0
      0         0
      0         0
      0         0
      0         0
      0         0
      0         0
      0         0
      0         0
      0 0.0001082
      0 0.0002088
      0 0.0002955
      0 0.0003618
      0 0.0004003
      0 0.0004179
      0 0.0004003
      0 0.0003618
      0 0.0002955
      0 0.0002088
      0 0.0001011
      0         0
      0         0
      0         0
      0         0
      0         0
      0         0
      0         0
      0         0
      0         0
      0         0
      0         0
      0         0
      0         0
      0 0.0001298
      0 0.0002505
      0 0.0003545
      0 0.0004341
      0 0.0004802
      0 0.0005014
      0 0.0004802
      0 0.0004341
      0 0.0003545
      0 0.0002505
      0 0.0001213
      0         0
      0         0
      0         0
      0         0
      0         0
      0         0
      0         0
      0         0
      0         0
      0         0
      0         0
      0         0
      0         0
      0 0.0001455
      0 0.0002808
      0 0.0003973
      0 0.0004865
      0 0.0005382
      0 0.0005619
      0 0.0005382
      0 0.0004865
      0 0.0003973
      0 0.0002808
      0  0.000136
      0         0
      0         0
      0         0
      0         0
      0         0
      0         0
      0         0
      0         0
      0         0
      0         0
      0         0
      0         0
      0         0
      0 0.0001222
      0 0.0002359
      0 0.0003337
      0 0.0004087
      0 0.0004521
      0  0.000472
      0 0.0004521
      0 0.0004087
      0 0.0003337
      0 0.0002359
      0 0.0001142
      0         0
      0         0
      0         0
      0         0
      0         0
      0         0
      0         0
      0         0
      0         0
      0         0
      0         0
      0         0
      0         0
      0  9.12e-05
      0  0.000176
      0 0.0002491
      0  0.000305
      0 0.0003374
      0 0.0003523
      0 0.0003374
      0  0.000305
      0 0.0002491
      0  0.000176
      0  8.52e-05
      0         0
      0         0
      0         0
      0         0
      0         0
      0         0
      0         0
      0         0
      0         0
      0         0
      0         0
      0         0
      0         0
      0 0.0001184
      0 0.0002284
      0 0.0003231
      0 0.0003957
      0 0.0004378
      0 0.0004571
      0 0.0004378
      0 0.0003957
      0 0.0003231
      0 0.0002284
      0 0.0001106
      0         0
      0         0
      0         0
 0.0005         0
      0         0
      0         0
      0         0
      0         0
      0         0
      0         0
      0         0
      0         0
      0         0
      0  9.28e-05
      0 0.0001791
      0 0.0002534
      0 0.0003103
      0 0.0003433
      0 0.0003584
      0 0.0003433
      0 0.0003103
      0 0.0002534
      0 0.0001791
      0  8.67e-05
      0         0
      0         0
      0         0
      0         0
      0         0
      0         0
      0         0
